Lines   A1 Time A2 Time A3 Time
100     0.084   0.014   0.001
200     0.665   0.095   0.001
300     2.246   0.300   0.001
400     5.324   0.588   0.001
500     10.414  1.163   0.001
600     18.104  2.100   0.001
700     28.801  2.989   0.002
800     42.930  4.628   0.002
900     61.510  6.617   0.003
1000                    0.003
2000                    0.004
3000                    0.008
4000                    0.011
5000                    0.013
6000                    0.017
7000                    0.021
8000                    0.026
9000                    0.026
