2898
1
4
277
5
6
7
8
10
11
15
14
13
12
9
276
275
274
273
272
271
16
17
18
19
20
21
128
127
126
29
22
24
23
25
26
27
28
32
33
34
31
30
125
124
123
122
121
120
119
157
158
159
160
175
161
162
163
164
165
171
172
170
169
106
173
174
107
105
108
110
111
114
115
117
118
61
60
43
42
41
40
39
35
36
38
37
50
51
52
53
49
48
47
54
55
45
46
56
57
58
44
59
62
116
86
65
63
64
68
69
67
70
71
72
73
74
75
77
78
76
66
85
84
83
87
113
112
88
109
89
82
81
79
80
90
91
93
94
95
96
97
98
92
104
103
102
101
99
100
168
167
166
188
189
190
191
192
193
186
187
185
184
183
182
180
179
181
176
177
178
150
151
152
156
153
155
154
129
130
131
132
133
134
270
269
268
135
136
137
266
267
138
139
149
148
147
146
145
199
198
197
194
195
196
201
202
203
204
200
144
143
142
141
140
265
264
263
262
261
260
259
258
257
254
253
208
206
205
207
212
213
216
217
220
221
222
219
218
215
214
211
210
209
252
255
256
249
250
251
230
229
228
227
226
225
223
224
234
235
236
233
232
237
238
239
231
246
240
241
242
243
244
245
247
248
278
279
3
0
2
