492
60
     1     8
     2     8
     2     9
     2    10
     2    11
     3    11
     4    11
     5    11
     6    11
     7    11
     8    11
     8    12
     8    13
     8    14
     8    15
     8    16
     8    17
     9    17
    10    17
    11    17
    12    17
    13    17
    13    18
    13    19
    14    19
    14    20
    15    20
    16    20
    16    21
    16    22
    17    22
    18    22
    19    22
    20    22
    21    22
    22    22
    23    22
    24    22
    25    22
    26    22
    26    23
    27    23
    27    24
    28    24
    28    25
    29    25
    29    26
    29    27
    29    28
    30    28
    31    28
    31    29
    32    29
    32    30
    33    30
    33    31
    33    32
    33    33
    33    34
    34    34

