35
35
   -15    -4    -1   -19   -10     9   -22     2    -7    -3    -9    -1   -27     6     9   -18   -20     6   -12     1   -21     8   -13   -21     4   -28     4     8   -26    14    -5     5    12     2   -28
    11    -1   -10   -13    12   -28   -12   -29   -18    -1   -16   -14   -28   -28   -22    -7   -27   -14     0   -27   -19    -8   -14     1     2   -12    -3   -23     1   -25   -19     0     5   -27     3
     9   -11   -17   -19     5     0   -13    -9   -12     1   -14    -5    -7    -3   -16   -12   -12   -27   -11   -21   -29     2   -12    -1   -16   -21    14     2   -16     1   -10   -28    -5    10     1
    -4    -1   -26    11   -30     1   -26   -17     6   -14   -11   -21   -19     4     5   -24   -16   -19    13     3   -14    -7    -9   -21    14     7    -5   -13    12    -2     7   -25   -21   -11    11
   -29    10     3   -12    12   -29    12    14   -26    -1    14    14   -14     5    -6   -25   -19    -5    -8   -23     0   -17   -24    -6    -3   -22     4    -4     5   -15     8     6    -5   -29    12
   -18     0    10    10   -26   -10     4   -11   -23    -4    -3    -5     9   -20   -14   -25   -24   -26     4   -17     3    -2   -14    -9   -10   -13   -18    13    -6    -1    14   -11   -25   -13   -16
     4   -13    -1   -26   -12   -25   -26   -28   -28   -30   -10    -1    12     1    11    13    -5    -5   -23    10   -27    -1   -25    -2     7   -18     9    -2   -12    -2    -5   -14    13    11    -9
     5   -17    -6     0   -27   -10   -15    -2   -10   -26   -18   -30    13   -15   -28   -15   -16   -24   -17     6   -23     5   -11   -22   -11   -30    -2   -28     7   -20   -18     5     5    -7   -24
     1   -17   -22    -8     3    11   -18    -9    15     8     4    -8   -30    12     5   -29   -17     4     3    -8     9    -1   -23     5   -20    -4    -8   -21   -23     0   -30     6   -11    -3   -26
     8    10   -19   -26    13   -30    -8   -20   -26   -24   -12   -16    12    -7   -19   -12     0    -2     4   -27    11     1   -16   -16   -14   -20   -10   -27     4   -18    -7   -12    -7     2    -6
    -1   -24    -5     0     0    11    -8    13     7   -25   -14     0   -18   -19     9    15   -12     4    14    -9    11   -23   -19   -27    -3     0   -22   -30   -17    12   -19   -13   -18   -13   -24
     4    11   -15   -27    -9   -16    12    -3    -2    -7   -11   -25   -26   -26   -15   -19    -8   -23   -28    -2   -18    14   -19    -2    -1   -29    10    -6   -19     2   -10   -20   -30   -17   -15
     1    -7   -23     3   -23     9   -23     7    -8   -11    -6   -30     7     5    12   -30   -26   -22     8    -8    -2     0    -6   -19   -20   -23   -26    11   -18    -9   -30   -15     7    15   -14
   -30   -15    11    -5   -27   -27     8   -24    -9     1     3    -6    -1    11   -13     0   -26    12    -2     8     7   -20     3     2   -30    -6     5     7   -14   -12    -3    -7     6    11    -7
   -20   -28     8    15    -9   -19     5    -3    -6     2    15   -11    -4    -7    12   -18   -19   -18   -13   -28     4   -21   -26    13     0    -2   -30   -10    11     5   -18    12     3   -25     1
   -15     8     0   -28   -12   -15    -6     4   -14    14     4     1   -30   -10   -13    -4     2    10     8   -17   -21    15     4     3    -4    -6   -27   -26     9   -17    11   -14   -29    11   -30
   -14    12    -9    -9    11   -10   -24   -25     1   -12    14    15   -17     2   -21     4     7    -2   -17   -30    -8     3    -3    -6   -27   -27   -25   -12    -7    13     9    13    -1    -1     4
   -29    13   -28   -29    -6   -25    -3    15    12    -6   -24   -15    10    14    -3   -23     3   -27   -26     8    12    -9   -19    11    13   -26    13   -13   -26    -8   -11   -14    -5    13     3
   -13   -17   -28    14   -19    -6    11   -27    -8     2   -21   -13   -10    -2   -20    13   -29     8    -3    12    -3     0   -27     4     7     6     5    -1    -3     1   -20    -7   -30   -11   -19
   -22   -14   -19   -11    -8     8   -20   -21    -4    10     5     4   -20   -29   -16   -10   -26     3     4    13   -14   -20    -2    -8   -28   -17    -5    -5    -5   -16    -6   -20    15   -11    13
   -11   -16   -23   -26   -20     0    -3   -20   -17    15    13     3     3     5   -19   -28    15    -4   -19   -16    14    14   -27    -4    14   -22     6   -22   -30   -13     1     4    12    10   -25
   -16   -12    -1    -4   -23    12     1   -16    -1   -11     8    15   -23    -3   -24   -12     8   -30   -12     6   -17   -19   -25    11     1   -22    -5    -2    -7    -6     3     6     4    10   -24
    -1   -23   -22   -28   -16   -10   -29    -7    11   -15   -20   -10    -4    -9   -13     9     9     6    -4    -1   -20    15     6   -28   -20   -22    11   -16   -18   -23   -13   -27     2    -8   -24
   -23   -23     5    10    -3   -22   -16   -13     6   -22    -5    -5     0   -20    -2   -28   -20    14    14    -1    -9     8    -8   -25    -7     6     8    10    -9    -7     0    12    -7   -16    12
   -26     9   -20   -18    -9   -12    -3    13   -30   -13    -2    11   -29    -9     5   -28    15     5    12   -24     2    -4   -28   -25    13    -6     8     4   -20   -10   -22     6   -29   -15   -23
   -17     5    -9    -9     5   -25    -5   -15    -1     2    14   -25   -23     4    -8   -16   -13   -15     6    11   -26     5     0    -9    14     5   -21     4    11     4   -18    -4     4    -8   -25
   -16    -8   -19     2     7   -24   -19     0   -28    -2    13   -27   -24   -15   -28   -10     0     3   -21     7   -29   -18   -28     8     5   -11    -1    -6   -21    14    -2   -27   -20   -24   -14
   -29    15     5    -5   -18   -25   -19     7   -12   -17   -21     8     2    11    10   -11     9    15    -5   -20    -7   -19     6     3   -28     6   -27    -6     0   -10     0    -1    -8   -29     8
   -19   -12     8   -21     0     6   -15   -27    12     1   -17   -16     9     0   -13   -10   -12   -22   -20   -24    10   -27    -2    -2    -7    13    11   -27   -20    14    -6   -22   -19    10    13
   -15     3   -17    -8   -25    12    10   -27   -29   -19    -4    -9    -8    -6   -11   -22    -5   -22     1     6   -26    -1   -11    15    -4    -8     2   -15     0    -7   -12   -22   -30   -26     8
    14    11   -12     0     4   -10    -9   -28     5   -28    -7     2    -8    -4   -21   -29    -7   -10     9    11     4     0   -24     9     3   -14   -21     1   -18   -21    12   -10     0   -22   -27
   -11    -8    12   -25   -29   -14   -28   -13     2   -20   -29   -10    -7    -3     2    -2   -18   -29    -7     1     8   -18    -2   -28     8   -11    -2   -18   -11    -7   -18   -21   -12     0    -2
     3    -4   -21   -20    -9     4    -2    -2   -30    -2   -20   -16   -14    -1    -6     6     8   -16    -8   -14   -26   -12     8   -22    -1   -13   -30   -24    15   -28   -27     7   -11   -16   -21
   -22     3     5   -10   -19    -8    13     8    -8   -19   -17   -30   -21   -25     5    -5   -10   -15   -26    10   -16    -3   -25     4   -12     0     7    -2   -26     4   -23     5   -21     9    -3
   -20     8    -2     1     3    -4    -1   -13   -19   -15   -29   -30   -16   -18   -24     2   -13    -4     8    -4   -23   -26     4   -30   -13    14   -30    -5     5   -30   -29    -9     6     3    12
