35
35
     1    -5   -15    -6   -10   -21    -9    14   -15    20     2   -12    20     1   -27     2     6   -26    14    13     6   -24   -23    16     5   -18     5   -14    -3     5     6     9     3   -16    18
   -18    -6    19   -10    -3    20   -23   -27    17    -1    -1    16     0    18    14   -13     8    -9    16    -3   -14    13   -29    -2   -26   -26   -22    12    16     8    14    -2     2    -7     7
   -24    20    13     5   -25   -30     7   -30    14     1    11     1    -4   -17   -21    18   -21   -30    17    -4   -29    18    -9   -15     7    10   -23   -27   -30    20    -9   -25    14    11   -26
   -18     6   -25    12    -1   -21     4   -15    20   -16   -23     9   -27   -20    12   -13    -2    15   -10    -4    11   -20    18    -8    19     5   -13   -20   -20     6    -7   -10   -16   -22   -12
   -19    -7   -28   -21   -25    -7     2   -10   -21    16   -17     7     3    -8    12     4   -27   -11   -16     1   -28     7     7   -17     8    17    11   -16    -1    -7   -24   -13     3   -29    -9
   -18   -30    16    14     0    -2    -3   -16    11    -8   -11    19   -10    14    -5   -29     4   -30     9   -16   -15   -28   -15   -23   -20   -10   -30     7     7    -4   -26   -17   -27    18    20
   -20    -4    -2     1    -6   -18   -18     3     1   -18   -25    10   -17   -13    -4    13     4    -5    18    -4   -15    -4   -23     9   -22   -17   -18    -1    -4   -12    -6    -7   -28   -11     9
    10     5    12    -8    11    20   -27   -17   -19   -28     7    -7     8   -25   -12   -13   -24    -8   -16   -14    -3   -24    20     1    16     7   -29     1    18    -6    17    -1    14   -24    -2
    -7   -27   -15     3    -1    -8   -11    20    10   -24   -14     9    14     9    17    16    15    13   -12   -16   -24     2    13   -19   -17   -10     4   -17    20     6    -8    13    15    12     2
   -26   -26    -4   -24   -20   -28    18     4    -8    -5     0    19    -3    15     5   -18   -22    -5   -17   -11    10   -22     4    -7   -21    -3    13   -22    10    11   -15   -29    20    13   -26
   -28     1   -21     6    -9     5   -29     4   -24     5    15   -17    -7   -21    20   -27    -3   -25    -6    20    -5   -27   -17    10    -8   -22     9   -18     7     7   -18     7    15     9     4
     3    -9   -30   -25    -8   -18     0    10    -1   -14   -16    16    17     4    19   -16   -29    10    18     8   -19    -2    16    -1    16    19    -1   -26   -23    18    17   -19   -24    15   -29
   -24    -9    18    -2    14   -15    15   -27   -24   -30     7   -13   -26    -4   -26   -15    11    17   -25    -8    12   -23   -17    16   -21    -2   -17    13    13   -13   -13     9   -23     5    -2
    -5    -3    -3     7     8   -17    -1   -18   -19     3    -6   -21   -12    13   -12     1     0    13    -3    13   -25   -12    13     8     6   -24    16    14   -28     4    14     4    11     3    20
     1   -27   -25    16   -10   -26     6    -4    -7   -21    -9    -8   -29   -15    -3    -1   -10   -23   -15    -5    20   -20    -9    11     8    -3    12     5     2    15    17   -22    -4    -8   -17
   -19    -1    -7    14   -22    -2     6    14    -6    -4    12     8   -28   -15   -26     5     2   -26   -23    -2     8   -30   -26     7   -17   -18    17   -18    -8     5   -13   -18    10    -5   -14
    19    12     8   -12    -3   -17   -11    20   -21    17    -4    16     2   -19     5   -23   -12     2    -9     7    -4    11    17    13   -15    13    15     1   -30     8   -17    19     1    -6    20
     8   -15    -3     6   -29   -29   -23     1   -24    -7    -6    -5    -4   -23   -13   -13    20   -26   -14   -17    -6    16    12     1    19    16     8   -15   -23    -2    -4     9     9    -1     3
   -11     2    17   -11   -24     2   -22   -29     4    14    13   -11    -2    18   -25     1     6   -29    -2   -11   -17    -8    17     1   -20    -1     1    -7     1   -27     0    13    18     6   -19
   -16   -23   -10    -8     2     0    -7    16    20    -9   -24     9   -16     4    18    13   -20   -14   -21     8    19   -12     2   -30   -11   -13     8   -22    17    -1    -2   -12     3    -4    -2
    15    13   -22   -19    -6   -21   -29    10     3    15   -24   -21     4    11   -20    -6    12     2   -20    -5   -14   -12    20    -2     4    20   -15   -19     2   -20   -24     4     7   -15   -13
   -11    12    13    -1    20     5     7    -5   -19   -12   -24    -6     1    -3   -30     5   -15    -1    -2     3    -7   -16     2    13   -11     4     6   -28    16    -4    -2    -8   -18   -10   -28
   -30     8   -22   -30     3   -15     8     8    12   -24     3    -1     6    11    14   -26    -4     4    16    15    -3    12    -9    -7     4   -21    15   -15     7    18    -6     3   -26   -13    16
   -24    16    13   -10    19    -9    -8     1   -11    -9    19    13     1   -17     4   -28     1    10     5   -13     9    19   -16   -13    19   -18   -28    -6   -11   -24   -17     4     9   -17   -18
     2    -7    13   -11    14   -11   -16    -9     5   -11     0     4    -8     5   -22    12   -30   -11    15   -15    -9   -20    12   -26     4     7   -13   -13   -12    19    20    18     6    -8   -29
    -2     6    -6   -23     5     1   -23   -18     2    20    -9   -21     7    13   -21   -26     9   -26     7     1    16     3    17    15     5    -2   -18    12    17    13   -20    -5     5   -25   -23
   -18     4     9     7   -26    10    -5   -20   -29    19   -30    17    20   -26    15   -20   -20    -8    -8   -21   -24    -8    18    -8   -18   -28   -27   -23   -10   -28   -18    -8   -19   -23   -18
   -10   -10    13   -14    -8     0   -12   -14   -15   -15    15     0    -3    19   -26    10   -20    10   -24   -20    14    -9   -22    15    14    -2    -8   -26   -30    11    18   -26    16    13   -11
   -22    16   -10   -11   -30     3     9   -12    16    17    19     3     9     5   -27     4    10   -15    17    11     3    13   -21    -4     9    19   -27    16   -26   -17     7    -8    -7    -2    17
     8    13    -2    20     4     0   -23   -10     3    10    20   -11    20   -27   -29    -7   -17     7     0   -25    -8    -5    18    -7   -23     6    16    16     6   -30    -4    11    -2   -25   -29
    10   -19    -4     1     9   -22     8    -4   -15    17    17   -14     2    18    -1    15    12   -25   -14     4   -24   -19     2   -30   -18    19    -7   -19    15   -12    -7    -9     2     2   -11
    -6    -2   -16   -10    16   -28     1    16    -1     1   -21   -29   -17    19   -14   -10    20   -22   -16   -21   -30     6    -3   -17    -2    15    -4    -5    12     2   -15     0     5    -6   -21
   -26    -5    17   -19   -12   -24    16   -25   -12   -12    -2    -8     0   -11    -4     3   -10    17    -5   -12   -12    -8     2    10    -4    -1    19    -2    -6   -12     6   -26   -27    13   -29
     1    18   -10    19    -3   -16     6   -21   -22   -10    -5    11     2    -1   -10    18    15    10    13    -3   -30    -9    20   -20    19     6    10     2   -16    -4    16   -25    19    16    14
    19   -30    16   -23     3     8   -25    -7   -28     6    14     3    16    11     2   -15    -3     9    18   -18    -6    17    11     2     9    13    -4    -1    -7    20    -8    20   -27   -14    19
