35
35
    -1    15   -27   -22    20    10   -13    14    -2    10     3    13     8    -7   -13     3   -29     6    -3    -2     9   -13    -9     9    20   -22     3    -2    11     0   -11     9   -19   -28   -23
   -12   -29   -22   -28     0   -26    17   -20    13   -12    -3    -7   -26     6   -28   -21    -9     2   -24   -19   -23    -1     8   -21    17     5   -27     9    16   -18    14   -16   -20   -27     5
    16   -22     9    20    -6    -7   -11   -29   -18   -20    -5    -2   -27    15   -26   -22    13    -3    11   -12   -29    12    -2    -9    -3    -1    14    -1    11     9     7     9    -1   -20     1
     2    -3     6     5    10     5    -4    12   -12     4   -29     5    10   -24   -22    18   -21   -24    -8    -5    -2    18   -23   -27     7   -16     6    -5   -14    16    19   -20    -8    -4   -30
    -7   -25     6     6   -12   -26    -9   -24    -8     3    14    10   -30   -14     2    20   -25   -30    -9    -7     5    -3   -21   -22    16   -29    -5    17     3   -10    12    14   -19   -26    -5
    15   -29     4   -19     3    18   -16     8    15    18   -14    10   -20   -16     7    18   -24    -1   -23    17     8    15    18    -1    17   -18    11    -8   -25    17   -10     0    -6     0    -9
   -21   -14   -12    10   -27   -24     6     7   -16     0     3    17   -17   -19     9   -15   -23   -10   -19     6     5    10     9   -14   -16     3   -28     8    12     4    -5    -8   -16     3   -28
    10    16   -29    10   -24     5     7    -8   -14    -3    11     5     5    -2    -4    17    -4    16   -11     4    -5   -23     9    12     7   -18   -17    -9    -1    17     2   -13    -6   -12    -2
    16     5    15   -22   -21    11    -7   -12     6     0    16     6    11    -7   -29    -3    -5   -25     2   -22    -8   -10    -3     7   -11    -7   -18     9   -17     7     9   -28     4     4    14
    10     2   -30   -11   -15    -4   -12   -20    -1   -16    10   -21     3   -17     0    13    -2    -2     5   -23    17   -22     5   -30     9    11    10   -10   -26     0    16   -14   -20    -9    18
    11   -26    16   -11    11    -2    12    12    11    -6   -11    15    -7    17   -13   -17    -8   -18   -13   -13   -14    -4    -9     9   -29   -15   -21   -13   -19   -25     5   -15   -22    13    -4
     1   -19   -13    10     5    16   -22    -2    -2     1    11    -7     8    19    10    18    -9   -22     6   -30    -3   -29     6   -22   -26   -21    13    15   -23    10     1     9    14   -30     9
    15   -14   -19   -12    18    19   -11    16    13     8   -29    16     0   -19    15    -4    10    17   -19    -3    -2     9     3    -1   -18    -2    20   -28   -21     1    19    19     3     8   -29
   -29   -10   -12    -2     7   -28     1     8    -7   -13   -20    -3     7   -22    -9    -6   -11   -24     1   -12   -13     2   -28    20   -16   -19    -2    -6   -23   -13   -26   -25    -1    11   -23
   -19   -25    -1   -10   -28   -16   -21    11     9    17     4   -23     1    -7    20   -17    -1    10    -6    18    19    -3    10   -30   -16   -21   -12    11   -16     1   -21    18    -1   -25   -29
    18     6    -8    19    18    20    -7     1    20   -23     1    14   -16   -18    12     1   -12   -13   -13     7    -5   -24   -16    -9   -14   -15    20    -8     4    -6     8    14   -11    18    11
     2    12    -1     5    18   -16     7     4    -3   -13    13     8   -24   -17     2    18    -7   -25     7   -25    14   -17   -25    -8     5     3     2    -3   -25     1    -3    -2     8    -9   -14
    -5     6    -3     8   -26   -27    10    20    -7    -2    -7     9    -6    20    10    -8   -10   -12     4   -14    -5    19    15   -27   -14   -11    -8    -7    -5     2    16   -23   -28    -3    16
     1     7     2   -23   -24   -12     5   -30    13    18    16   -18    -5    -2    20    14   -23    14    -2     1     6    -4    -1    -6    15    12     7   -24   -27    15    -6     6   -11    -7    17
    -5     7    15    12   -12   -14   -13   -19     7     4   -24   -24   -19    13   -21     5   -22   -12     7    -6   -11    -5     1   -26     1    -6   -18   -18    -3   -27    19   -26    -1   -16    18
     1   -30    -3   -14   -24     2    -3   -14   -12   -19   -20    10    -1   -14    -8    -6   -29    17    17   -21    15   -16   -25     7   -20    14    11    -8    -2     3   -19    -4     5     7    -7
   -25    -1    19    -3    -5    -9   -15   -18    17     3    15    15   -17   -18    -9   -11    -7     8   -17   -20     7   -14   -18   -14    18     1    -7   -21    12     1     6   -30    -2   -28   -21
   -18     5   -10   -27     6    -1    19    -7     4     4   -14   -12   -28     7    19   -10    -3     2   -21   -21    14    17    20    -7    -1    13     7     2    -7    -9     1   -24   -10    -4   -23
   -30   -30   -14   -17     1    -6    -8   -22   -27   -27   -20    -3   -16   -23   -25   -22    -3    16   -17    20   -18    11    13    -6   -23   -29    -3   -19     3   -20    -4   -25   -16   -22    -6
    12    -4    -5   -12   -25     5   -16    18    16   -25   -17   -10     9     0    11   -11   -28   -13   -23    -4    17    12    16    -6   -14    -8    -2   -23    19     2     4   -23     6    11   -27
    -5    12     9   -28   -12    17     4   -12   -21    -5    -3   -26   -12     4    -7   -18    11   -10   -22    20   -29    17     4   -11   -13    15    15   -28     6   -28    16   -14    10     9    14
    -4   -28    -1    -8   -25   -15    -6   -26    -7     0   -27    10   -22    17     1    11     3     5    10   -19     9     8     9    20    -1   -15   -19     9     2     6   -22    10    14   -23   -22
   -19   -11     5    -2    11    -3     8    19   -12   -27     5   -18    -5    10    10   -14     0   -18   -19    20   -23     6    16     3     5   -13     1     6   -28     5   -19    19     4    13   -10
   -21    -4   -24    19    20     4   -16   -17    -6     1     2    -7     2   -23    17    -2     6   -14   -27    11   -27   -30   -20   -27    -7    -5   -19     1     0   -27     9   -12   -14   -16     6
    17    12    20   -26     2    11     8   -28   -29   -16     3   -16   -13     8    17   -16   -10     6   -20   -22    13   -11     6   -21   -15   -15     9    -3    -5     1   -17    16   -12     6   -10
    18    17    12   -30   -15     6     5   -26   -22   -29     0   -25    20   -10    20    11   -20    -4    16    10    -3    17   -20   -11     8   -21     7   -29   -21     9     6     2    -7    -5     8
    -2    -3   -29   -19    13     9     0    -8     9    -8   -12    -1    15   -12    16   -21     1    19   -15   -11    -4    -4     6    -5    20     2     4    -1    15    -8    -1   -26    16     7    13
     1    -7   -27   -27    17    13   -16     1    -4   -22    -3   -30    18    15    -9   -29    11   -12    -4    -5   -23   -11     7    15    -7     2    -7    18   -23   -22    15    -4     5   -20    12
     1    -4   -26    -5   -27   -16   -26   -23     5   -20   -15   -18    18    -7     9   -11    -1     1    20   -21   -27    -1    -8   -16   -20   -29   -18    12    -7    17     1   -24    10    11     4
   -16    18   -14   -19     7   -21   -19    -7     5     4   -21    20   -29   -22    -9   -24     5    14    -4     4   -20   -27    14    -1     3    -1   -20   -11    18    18    12   -28     3    13    -4
